magic packet£º
ff ff ff ff ff ff 00 71 83 05 08 13 00 71 83 05 08 13 00 71 83 05 08 13 00 71 83 05 08 13 00 71 83 05 08 13 00 71 83 05 08 13 00 71 83 05 08 13 00 71 83 05 08 13 00 71 83 05 08 13 00 71 83 05 08 13 00 71 83 05 08 13 00 71 83 05 08 13 00 71 83 05 08 13 00 71 83 05 08 13 00 71 83 05 08 13 00 71 83 05 08 13

wakeup packet£º
Filter 0:
ff 00 01 02 03 04 05 06 07 08 09 0a 0b 0c 0d 0e 0f 10 11 12 13 14 15 16 17 18 19 1a 1b 1c 1d 1e 

Filter 1:
ff 00 01 02 03 04 05 06 07 08 09 0a 0b 0c 0d 0e 0f 10 11 12 13 14 15 16 17 eb 3e 98 ff 1c 1d 1e 

Filter 2:
ff ff ff ff ff 00 01 02 03 04 05 06 07 08 09 0a 0b 0c 0d 0e 0f 10 11 12 13 14 15 16 17 18 19 1a 1b 1c 1d 1e ff 00 01 02 03 04 05 06 07 08 09 0a 0b 0c 0d 0e 0f 10 11 12 13 14 15 16 17 18 19 1a 1b 1c 1d 1e ff 00 01 02 03 04 05 06 07 08 09 0a 0b 0c 0d 0e 0f 10 11 12 13 14 15 16 17 18 19 1a 1b 1c 1d 1e 00 71 83 05 08 13 00 71 83 05 08 13 00 71 83 05 02 02 02 02 02 02 02 02 02 02 02 02 02 02 02 02 02 02 02 02 02 02 02 02 02 02 02 02 02 02 02

Filter 3:invalid£º
01 01 01 01 01 01 01 01 01 01 01 01 01 01 01 01 01 01 01 01 01 01 01 01 01 01 01 01 01 01 01 01

